0.0 0.0 0.0 0.0 
2.1073720199536807 0.0 1.7043326997172312 2.121576604338303 
0.0 0.0 0.0 0.0 
0.30000000000000004 0.0 0.0 0.0 
0.0 0.0 0.0 0.0 
0.0 1.5212896961598452 0.0 0.9794324595665916 
1.8122166795899033 1.0324216460701738 2.111864680152493 0.0 
0.0 1.6793157416051925 0.8492151678973006 0.0 
0.0 0.0 0.0 0.0 
0.0 1.750722863605443 0.8307207372817504 1.14201936543296 
0.8425212601648515 1.28394534824361 1.800342851661235 2.3377643005034434 
2.4429036872661962 2.173172489564047 2.1026516956708425 0.9334952396628403 
0.0 0.0 0.0 0.0 
0.0 0.0 0.0 1.167796904609044 
0.0 0.0 0.0 0.0 
0.795189106841902 0.0 1.5474659588809436 0.0 
0.0 0.687 0.6000000000000001 0.645 
0.3740102637516932 0.2970143818120839 0.19667809848701034 0.2356298826935168 
2.408711474089023 0.2537344676608435 1.7652392785403714 1.8821450046267034 
0.3623680992071351 0.503531616657527 0.5641295373447133 0.3864402554641072 
0.0 0.0 0.0 0.0 
0.23253614059102018 0.2808073228850755 0.29349820883613253 0.23531359449261413 
1.463217790557835 1.7599087020079236 1.1656292996856183 0.4087493921792339 
0.21858271498431692 0.2492091099469906 0.053674143518480606 0.12598761558918678 
0.44999999999999996 0.7500000000000001 0.0 0.45000000000000007 
0.28278806466153117 0.24910992178897706 0.24873693146730042 0.29893306280537835 
0.28324888409367827 0.23373068503065908 0.35358802228897535 0.22837724103774695 
0.2744271075714194 0.46868135050878335 0.5069057004348947 0.3090083498828956 
0.22499999999999998 0.0 0.44999999999999996 0.0 
0.3107882783005247 0.2602402907417476 0.8171190564754227 0.4465787116727726 
0.46775256399522536 0.3871330748581116 0.2673934640470663 0.23345363672467442 
0.7366065447769579 0.5327573967884907 0.8109792915302343 0.6594212735761531 
0.7425 0.74999855296875 0.7499999936988155 0.7495274999999999 
0.13017382284784756 0.14021504641535182 0.10496797565683258 0.10577133272230071 
0.12889410596295914 0.1414795448436645 0.17413853488567127 0.15036226867809488 
0.04564973005688522 0.06724609996768716 0.04857641755930962 0.046959939324171515 
0.0 0.0 0.675 0.654 
0.18385661931951755 0.10661364114103754 0.13576261428482642 0.14257234404689662 
0.051888388829915845 0.043474380555837064 0.045424857878891466 0.04031091821365974 
0.04156815932872801 0.042961289366564584 0.04844555643657984 0.04659848776869656 
0.74853515625 0.7499994750000001 0.748125 0.7499971188000001 
0.23485467568914986 0.1809596012715534 0.035178041811372115 1.1172181563204049 
0.26886962118678553 0.11997669788238152 0.12173871392815476 0.19335024471827103 
0.05873694719132801 0.044337657579976784 0.05357028107412569 0.055107636571592414 
0.0 0.75 0.15000000000000002 0.75 
0.1518868245226038 0.14622977454107083 0.14346891800431252 0.1388746254801922 
0.1721403239113541 0.19851789973395936 0.18528420783205932 0.1535399423063662 
0.1099283010373564 0.08260261710932777 0.08724155613969238 0.056900188642587474 
