0.0 0.0 0.0 0.0 
0.0 0.0 0.0 0.0 
0.0 0.0 0.0 0.0 
0.0 0.0 0.0 0.0 
0.7499420179415042 0.7498584422400001 0.7499984271360001 0.7499998993367041 
0.31983006774090356 0.31968140656801103 0.2600127661493495 0.30292021425799764 
0.4435177444476391 0.37510688276243187 0.3199548825743801 0.3018644743825556 
0.0 0.0 0.0 0.0 
0.0 0.0 0.0 0.0 
0.0 0.0 0.0 0.0 
0.0 0.0 0.0 0.0 
0.0 0.0 0.0 0.0 
0.7497542400000001 0.7496778774528002 0.7499016960000002 0.7499999999788896 
0.30063705386075223 0.3727307103631961 0.30385202404538314 0.32004736616510776 
0.23983551418278007 0.17193392160227472 0.24346635946331568 0.17661768790147414 
0.15581508671042865 0.1761773268336177 0.14158079598769313 0.15639682572309763 
0.0 0.0 0.0 0.0 
0.0 0.0 0.0 0.0 
0.0 0.0 0.0 0.0 
0.0 0.0 0.0 0.0 
0.7499496683520002 0.7499999999996738 0.749999997328187 0.7500000000000001 
0.32451413074367136 0.39245675691722387 0.27480062690637047 0.3219437737048763 
0.3772543228077161 0.2527685641324342 0.3019351948709813 0.3906100310124728 
0.22595876512577306 0.21674889483367488 0.1936424091303742 0.3117133574707563 
0.0 0.0 0.0 0.0 
0.0 0.0 0.0 0.0 
0.0 0.0 0.0 0.0 
0.0 0.0 0.0 0.0 
0.4428000000000001 0.74004672 0.7254240000000001 0.7493088000000001 
0.33695516632585487 0.37634310908297586 0.36026584115013716 0.37294362300235223 
0.2948926410227629 0.4197299394474784 0.3921678355958812 0.3867071922812565 
0.29374687425247936 0.0 0.0 0.0 
0.0 0.0 0.0 0.0 
0.0 0.0 0.0 0.0 
0.0 0.0 0.0 0.0 
0.0 0.0 0.0 0.0 
0.5288160000000001 0.7284000000000002 0.7496067840000001 0.26400000000000007 
0.4331236891591296 0.38808699826291104 0.4040837640970202 0.3591606564389867 
0.0 0.0 0.0 0.0 
0.0 0.0 0.0 0.0 
0.0 0.0 0.0 0.0 
0.0 0.0 0.0 0.0 
0.0 0.0 0.0 0.0 
0.0 0.0 0.0 0.0 
0.36600000000000005 0.7498272 0.31800000000000006 0.7425 
0.4569158583325449 0.36683582429545125 0.3656788053088155 0.35929951803466603 
0.3717125480990927 0.4305788785654703 0.41364044443141457 0.3976495311771239 
0.0 0.0 0.0 0.0 
0.0 0.0 0.0 0.0 
0.0 0.0 0.0 0.0 
0.0 0.0 0.0 0.0 
0.0 0.0 0.0 0.0 
0.7499767809884162 0.7499999703131862 0.7481445741281282 0.7499999732818677 
0.3291061640604149 0.3064909994248723 0.3831137492810811 0.3367324516272112 
0.4048415431985789 0.39525817573955113 0.5341835788302913 0.409478485638399 
0.18805526226078667 0.24009783874122964 0.300122298186205 0.3171761011235016 
0.0 0.0 0.0 0.0 
0.0 0.0 0.0 0.0 
0.0 0.0 0.0 0.0 
0.0 0.0 0.0 0.0 
0.6420000000000001 0.07500000000000001 0.6300000000000001 0.31800000000000006 
0.4295049572236887 0.3701240118621955 0.41563993579431774 0.4384720879704345 
0.0 0.0 0.0 0.0 
0.0 0.0 0.0 0.0 
