0.0 0.0 0.0 0.0 
0.0 1.1995448245048332 0.0 0.0 
0.0 0.0 0.0 0.0 
0.0 0.0 0.0 0.0 
0.0 0.0 0.0 0.0 
0.0 0.0 0.0 0.0 
0.0 0.0 0.0 0.0 
0.0 1.5318316230583884 1.5520873803193458 2.350308824183341 
0.0 0.0 0.0 0.0 
0.0 0.0 0.0 0.0 
0.0 0.0 0.0 0.0 
0.0 0.0 0.0 0.0 
0.0 0.0 0.0 0.0 
0.0 0.0 1.2929231566697692 1.2883727602662776 
0.0 0.0 0.0 0.0 
0.4 0.0 0.0 0.0 
2.724296717255985 2.307246801689644 2.2320532427288233 2.5873252270960476 
0.0 1.5147508194581936 0.0 1.316345735895804 
0.0 0.0 0.0 0.0 
1.7888485627052164 2.6840620531653876 1.5135167286085947 2.9615505443986945 
1.7686507063095007 1.9426505354824217 1.9843678471854305 1.1673233129591414 
0.0 0.0 0.0 0.0 
0.0 0.0 0.0 2.5656551078037104 
0.0 2.6468673560640417 1.8696037357616473 1.2963239006329024 
0.0 0.0 0.0 0.0 
0.0 0.0 0.0 0.0 
0.0 0.0 0.0 0.0 
0.0 0.0 0.0 0.0 
0.6525593123760218 0.5082927039919396 0.46059106947279094 0.33580269653032024 
0.0 0.352340438235624 0.0 0.35563764030792183 
0.0 0.0 0.0 0.0 
0.42778145092926995 0.8026162953702847 1.1679465693749285 0.5611747483807298 
0.0 0.4164018324848617 0.5004810240660555 0.4733234446417724 
0.0 0.0 0.0 0.0 
0.4619826756936023 0.45622017021120775 0.3875204961054628 0.3782474367509166 
0.5782969638133553 0.4602584398097909 0.5525609435398597 0.4906136939803625 
0.0 0.4 0.0 0.0 
0.6093767959541267 0.5269721459841545 0.49831665486551846 0.5506288589611915 
0.7034610159894514 0.562879360369019 0.5419964411551959 0.9203573354803285 
0.76 0.0 0.0 0.0 
0.24263737534258403 0.48671658391052897 0.40431238737745234 0.4247328586858995 
0.3832058291060837 0.48452159407742346 0.37863125097045813 0.4748157263225756 
0.9944 0.96 0.9990399999999999 0.999808 
0.663197422876434 0.5614331877797551 0.40292261221892534 0.48760672488164963 
0.32990231701652684 0.4691191466962745 0.3834837017410355 0.4626594870547352 
0.0 0.0 0.0 0.0 
0.3127263725286568 0.3393530167315958 0.45422255780305976 0.3774996132414958 
0.37020036180152466 0.3499708096592591 0.3171285221787017 0.4805382702365486 
0.0 0.9999998640479273 0.6 0.9999990710272 
0.365897271998135 0.31605162910382156 0.3940209091217059 0.7605860050554478 
0.4250553401459336 0.4346879660007034 0.3152364681392742 0.6050010737929812 
0.0 0.0 0.0 0.0 
0.0 0.0 0.0 0.0 
0.0 0.0 0.0 0.0 
0.9657 0.9299999999999999 0.0 0.6 
0.6206208171311912 0.48770816811318896 0.3531301567463957 0.5899518391311558 
0.6161695979824606 0.5603388970666655 0.4684446829883748 0.4690173653473669 
0.0 0.0 0.51 0.8628 
0.44315889639928396 0.18123854101892983 0.09451119950824102 0.10311215046105048 
0.2431476848906085 0.6400570252554019 0.49458559765823945 0.31849888950282224 
0.0 0.0 0.0 0.0 
0.9676860300846084 0.64051857357715 0.7433047966156912 0.545830715092256 
0.5685747568909503 0.5180901728988342 0.42374268317836944 0.5138960511419426 
0.5 0.0 0.84 0.6639999999999999 
0.39258769520563364 0.11790854513748303 0.21978693471054164 0.34743287784302096 
0.32620549914224806 0.2538909811694702 0.25725799995658016 0.27231701888771226 
0.2 0.8 0.0 0.44 
0.5061380053334703 0.5723810484249539 0.8277913058479291 0.4642366193513718 
0.477310346183479 0.5167404209066356 0.5339220822430188 0.4335893482615005 
0.9999993806848 0.9999999613016474 0.9999999960662016 0.9999999241512287 
0.05239884755475539 0.06662752401911523 0.06655726068591256 0.05358073046010031 
0.07934073133303886 0.09561217701458471 0.08476842673422055 0.06392569187319472 
0.0 0.0 0.0 0.0 
0.3482497271358054 0.4802338850411917 0.28986739231451664 0.49436609956446953 
9.432443239375621e-12 8.715314121267117e-12 8.549978046728188e-12 8.950233248144596e-12 
0.9999878021516799 0.9999999999999548 0.9999999930268968 1.0 
0.5353101091826992 0.3863973611519078 0.45004462193059347 0.42652409139076336 
0.20287858821871457 0.17362856522479553 0.456434591980517 0.405477288270375 
0.0 0.0 0.0 0.0 
0.0 0.0 0.0 0.0 
0.0 0.0 0.0 0.0 
