0.0 0.0 0.0 0.0 
2.1073720199536807 0.5969423214145486 1.4975467188875995 1.1527568386478968 
0.0 0.0 0.6258640836364483 0.0 
0.30000000000000004 0.0 0.0 0.0 
0.0 0.0 0.0 0.0 
0.0 1.4740095424281834 1.2163148486462037 1.8212863341267755 
1.8122166795899033 1.1750453137570607 2.111864680152493 1.5736438947677218 
0.0 1.6793157416051925 0.8492151678973006 0.0 
0.0 0.0 0.0 0.0 
1.8902836531772995 1.6944209128850614 1.0050894527828635 1.14201936543296 
1.429268333203961 1.28394534824361 1.800342851661235 1.3993593109719011 
2.4429036872661962 2.173172489564047 2.1026516956708425 0.9334952396628403 
0.375 0.0 0.0 0.0 
0.0 0.6192990621748645 0.6125383761802689 1.167796904609044 
0.0 0.0 0.0 0.0 
0.795189106841902 0.0 1.5474659588809436 0.0 
0.375 0.687 0.6000000000000001 0.6975 
0.3648829451570199 0.8591836849945901 0.3274947136634868 0.4429678710959122 
0.25057193188183574 0.35438176179146424 0.34697634285784884 0.3766938617902567 
0.3230786126949611 0.503531616657527 0.5641295373447133 0.3864402554641072 
0.73828125 0.703125 0.65625 0.7265625 
0.3532169088050635 0.3359997849064661 0.32899324085030246 0.28316028892803874 
0.23101554273388947 0.2711381115668248 0.30233360111825724 0.26645785123251575 
0.24287070159298826 0.27115704383113043 0.3520112262817343 0.22079335791382348 
0.675 0.75 0.375 0.675 
0.3717077853059858 0.3057625248033471 0.34433265982604006 0.40080689807508335 
0.27061033812489815 0.3081645560952162 0.295875170494872 0.32186035786681255 
0.5495654391114551 0.41263629907853205 0.42475646558415275 0.3595941692910781 
0.684375 0.375 0.675 0.375 
0.4880164916065618 0.5722685471503112 0.5611664750239064 0.411243841188644 
0.3948133817192033 0.4962467401339705 0.3172042400125662 0.3491929648810653 
0.48824205759167993 0.4862048740388274 0.5447301175289959 0.6594212735761531 
0.7499995422363281 0.74999999999724 0.749999999999976 0.7499999981975556 
0.5179191831582983 0.6437813690322522 0.41446957975446197 0.573140777972057 
0.4951263548123779 0.388463462223208 0.28380619838898835 0.3759597316953468 
0.04564973005688522 0.06724609996768716 0.04857641755930962 0.046959939324171515 
0.74853515625 0.749908447265625 0.7494140625 0.749953125 
0.5781842232127077 0.5438072737518507 0.4954418788352134 0.4720185122937768 
0.2733562663881548 0.43341640914395363 0.4495414947368286 0.3675273022003963 
0.23669728514317873 0.21584835628191823 0.2423242720651878 0.19984068140504038 
0.7499771118164062 0.7499999989746093 0.7499999997764826 0.7499999999999313 
0.5858584509844071 0.5369260245765786 0.6168935392287453 0.6837861708651641 
0.3521412546166673 0.40701552097208427 0.3480672551451872 0.4698042640153156 
0.2597535293839074 0.2674874136841726 0.22073257126933565 0.2512290429389785 
0.0 0.75 0.45 0.75 
0.5260917626583269 0.8953761134734417 0.9062814452615567 0.44540544809258065 
0.27958007962152887 0.19851789973395936 0.3582334899652708 0.1535399423063662 
0.1099283010373564 0.08260261710932777 0.08724155613969238 0.056900188642587474 
